1 2 0 0 0 0
1 1 0 0 0 0
1 0 5 1000000000 19 1
1 8 0 0 0 0
1 2 9 1000000000 1000000000 0
1 7 4 1000000000 1000000000 0
1 5 6 1000000000 30 1
1 4 5 19 19 0
1 0 3 1000000000 18 1
1 5 7 1000000000 34 1
1 2 9 1000000000 1000000000 0
1 6 5 19 19 0
1 9 5 19 19 0
1 7 4 1000000000 36 1
1 6 7 34 31 1
1 9 1 1000000000 1000000000 0
1 1 7 31 31 0
1 9 6 30 30 0
1 0 3 18 13 1
1 7 5 19 19 0
2 2 0 0 0 0
2 1 0 0 0 0
2 0 5 19 19 0
2 8 0 0 0 0
2 2 9 1000000000 1000000000 0
2 7 4 36 36 0
2 5 6 30 30 0
2 4 5 19 19 0
2 0 3 13 13 0
2 5 7 31 31 0
2 2 9 1000000000 1000000000 0
2 6 5 19 19 0
2 9 5 19 19 0
2 7 4 36 33 1
2 6 7 31 31 0
2 9 1 1000000000 1000000000 0
2 1 7 31 31 0
2 9 6 30 30 0
2 0 3 13 13 0
2 7 5 19 19 0
3 2 0 0 0 0
3 1 0 0 0 0
3 0 5 19 19 0
3 8 0 0 0 0
3 2 9 1000000000 1000000000 0
3 7 4 33 33 0
3 5 6 30 30 0
3 4 5 19 19 0
3 0 3 13 13 0
3 5 7 31 31 0
3 2 9 1000000000 1000000000 0
3 6 5 19 19 0
3 9 5 19 19 0
3 7 4 33 33 0
3 6 7 31 31 0
3 9 1 1000000000 1000000000 0
3 1 7 31 31 0
3 9 6 30 30 0
3 0 3 13 13 0
3 7 5 19 19 0
4 2 0 0 0 0
4 1 0 0 0 0
4 0 5 19 19 0
4 8 0 0 0 0
4 2 9 1000000000 1000000000 0
4 7 4 33 33 0
4 5 6 30 30 0
4 4 5 19 19 0
4 0 3 13 13 0
4 5 7 31 31 0
4 2 9 1000000000 1000000000 0
4 6 5 19 19 0
4 9 5 19 19 0
4 7 4 33 33 0
4 6 7 31 31 0
4 9 1 1000000000 1000000000 0
4 1 7 31 31 0
4 9 6 30 30 0
4 0 3 13 13 0
4 7 5 19 19 0
5 2 0 0 0 0
5 1 0 0 0 0
5 0 5 19 19 0
5 8 0 0 0 0
5 2 9 1000000000 1000000000 0
5 7 4 33 33 0
5 5 6 30 30 0
5 4 5 19 19 0
5 0 3 13 13 0
5 5 7 31 31 0
5 2 9 1000000000 1000000000 0
5 6 5 19 19 0
5 9 5 19 19 0
5 7 4 33 33 0
5 6 7 31 31 0
5 9 1 1000000000 1000000000 0
5 1 7 31 31 0
5 9 6 30 30 0
5 0 3 13 13 0
5 7 5 19 19 0
6 2 0 0 0 0
6 1 0 0 0 0
6 0 5 19 19 0
6 8 0 0 0 0
6 2 9 1000000000 1000000000 0
6 7 4 33 33 0
6 5 6 30 30 0
6 4 5 19 19 0
6 0 3 13 13 0
6 5 7 31 31 0
6 2 9 1000000000 1000000000 0
6 6 5 19 19 0
6 9 5 19 19 0
6 7 4 33 33 0
6 6 7 31 31 0
6 9 1 1000000000 1000000000 0
6 1 7 31 31 0
6 9 6 30 30 0
6 0 3 13 13 0
6 7 5 19 19 0
7 2 0 0 0 0
7 1 0 0 0 0
7 0 5 19 19 0
7 8 0 0 0 0
7 2 9 1000000000 1000000000 0
7 7 4 33 33 0
7 5 6 30 30 0
7 4 5 19 19 0
7 0 3 13 13 0
7 5 7 31 31 0
7 2 9 1000000000 1000000000 0
7 6 5 19 19 0
7 9 5 19 19 0
7 7 4 33 33 0
7 6 7 31 31 0
7 9 1 1000000000 1000000000 0
7 1 7 31 31 0
7 9 6 30 30 0
7 0 3 13 13 0
7 7 5 19 19 0
8 2 0 0 0 0
8 1 0 0 0 0
8 0 5 19 19 0
8 8 0 0 0 0
8 2 9 1000000000 1000000000 0
8 7 4 33 33 0
8 5 6 30 30 0
8 4 5 19 19 0
8 0 3 13 13 0
8 5 7 31 31 0
8 2 9 1000000000 1000000000 0
8 6 5 19 19 0
8 9 5 19 19 0
8 7 4 33 33 0
8 6 7 31 31 0
8 9 1 1000000000 1000000000 0
8 1 7 31 31 0
8 9 6 30 30 0
8 0 3 13 13 0
8 7 5 19 19 0
9 2 0 0 0 0
9 1 0 0 0 0
9 0 5 19 19 0
9 8 0 0 0 0
9 2 9 1000000000 1000000000 0
9 7 4 33 33 0
9 5 6 30 30 0
9 4 5 19 19 0
9 0 3 13 13 0
9 5 7 31 31 0
9 2 9 1000000000 1000000000 0
9 6 5 19 19 0
9 9 5 19 19 0
9 7 4 33 33 0
9 6 7 31 31 0
9 9 1 1000000000 1000000000 0
9 1 7 31 31 0
9 9 6 30 30 0
9 0 3 13 13 0
9 7 5 19 19 0
